{
 "cells": [
  {
   "cell_type": "markdown",
   "id": "bfe6c03d-34d3-49b0-bcc8-e2bd4670d9b8",
   "metadata": {},
   "source": [
    "# VisMCAO: Actuator Study\n",
    "The goal of this jupyter notebook is to produce plots of point-spread function (PSF) metrics and wave-front error (WFE) for the acutator count trade study. Refer to Overleaf for most up to date figures. The following plots are currently in this jupyter notebook. Future notebooks will contain actual PSF images as well (work in progress). \n",
    "* 10x WFE vs. Time (for each psf location)\n",
    "* Radius vs. Strehl\n",
    "* Radius vs. FWHM\n",
    "* Radius vs. EE80\n",
    "* Radius vs. WFE\n",
    "* Actuator vs. PSF Metrics (1000 nm) and WFE (center)"
   ]
  },
  {
   "cell_type": "markdown",
   "id": "ccf14804-8085-4427-a3e7-18dfbd380131",
   "metadata": {},
   "source": [
    "## Setup"
   ]
  },
  {
   "cell_type": "code",
   "execution_count": 1,
   "id": "0e58df9c-9a2e-4d10-843a-67a43338f79d",
   "metadata": {},
   "outputs": [],
   "source": [
    "import pylab as plt\n",
    "import numpy as np\n",
    "from astropy.io import fits\n",
    "import os, fnmatch\n",
    "import importlib\n",
    "import readbin\n",
    "\n",
    "# Packages specific to MU Lab (all on github)\n",
    "from paarti.utils import maos_utils\n",
    "from paarti import psfs, psf_plots\n",
    "from paarti.psf_metrics import metrics\n",
    "from bpeck.mcao import act_study"
   ]
  },
  {
   "cell_type": "markdown",
   "id": "4e3455b3-34a3-411f-b18c-ffdc42f1087b",
   "metadata": {},
   "source": [
    "## Parameters "
   ]
  },
  {
   "cell_type": "code",
   "execution_count": 2,
   "id": "f2d9a757-028b-45f8-8e6a-c7f03a6b5ab1",
   "metadata": {},
   "outputs": [],
   "source": [
    "psf_x = [0, 5, 10, 15, 20, 25, 30, 35, 45, 60]  # arcsec\n",
    "psf_y = [0, 0,  0,  0,  0,  0,  0,  0,  0,  0]  # arcsec\n",
    "psf_wvl = [432, 544, 652, 810, 877, 1020, 1248, 1673, 2200] # nanometer\n",
    "\n",
    "actuators = [2000, 3000, 4000, 5000]\n",
    "\n",
    "bandpass = 3 # 1000 nanometers\n",
    "seed = 1\n",
    "\n",
    "%matplotlib inline"
   ]
  },
  {
   "cell_type": "markdown",
   "id": "a0286ecd-d85b-4b50-a276-4761ae54c29f",
   "metadata": {},
   "source": [
    "## Get data from directories \n",
    "Currently, this notebook can only accept actuator values of 2000, 3000, 4000, 5000 that have the following names:\n",
    "* 2000actuators, 3000actuators, 4000actuators, 5000actuators\n",
    "\n",
    "Each of these should be full MAOS directories (folders). As of right now, the actuator study is considering no other actuator count values. Additionally, arrange the repository as:\n",
    "\n",
    "> act_study1 (or any other name, doesn't matter for this notebook) \\\n",
    "> |── 2000actuators \\\n",
    "> |── 3000actuators \\\n",
    "> |── 4000actuators \\\n",
    "> |── 5000actuators \\\n",
    "> |── A_actuator_study.ipynb (name of this notebook) "
   ]
  },
  {
   "cell_type": "markdown",
   "id": "580e2160-7a16-437b-8d95-35617bab424a",
   "metadata": {},
   "source": [
    "## Output Folder for Subplots"
   ]
  },
  {
   "cell_type": "code",
   "execution_count": 3,
   "id": "5023a4ca-5d80-4df3-b558-74373e397923",
   "metadata": {},
   "outputs": [],
   "source": [
    "# Name of output folder for all individual subplots\n",
    "output_folder = 'actuator_study_plots/'\n",
    "\n",
    "# Creates an output folder if it doesn't exist\n",
    "os.makedirs(output_folder, exist_ok=True)"
   ]
  },
  {
   "cell_type": "markdown",
   "id": "4cd5741c-9b27-4fa8-be6b-57b67389f7ec",
   "metadata": {},
   "source": [
    "### 2000 actuators "
   ]
  },
  {
   "cell_type": "code",
   "execution_count": 5,
   "id": "2e4da8b0-258e-4006-a5ee-4ffef10b0b30",
   "metadata": {},
   "outputs": [],
   "source": [
    "os.chdir(\"2000actuators\") # child directory"
   ]
  },
  {
   "cell_type": "code",
   "execution_count": 7,
   "id": "093a4747-3f19-42d0-871d-3623dbb6cd80",
   "metadata": {},
   "outputs": [
    {
     "name": "stdout",
     "output_type": "stream",
     "text": [
      "[[ 0  0  0  0  0  0  0  0  0]\n",
      " [ 5  5  5  5  5  5  5  5  5]\n",
      " [10 10 10 10 10 10 10 10 10]\n",
      " [15 15 15 15 15 15 15 15 15]\n",
      " [20 20 20 20 20 20 20 20 20]\n",
      " [25 25 25 25 25 25 25 25 25]\n",
      " [30 30 30 30 30 30 30 30 30]\n",
      " [35 35 35 35 35 35 35 35 35]\n",
      " [45 45 45 45 45 45 45 45 45]\n",
      " [60 60 60 60 60 60 60 60 60]]\n",
      "[[0 0 0 0 0 0 0 0 0]\n",
      " [0 0 0 0 0 0 0 0 0]\n",
      " [0 0 0 0 0 0 0 0 0]\n",
      " [0 0 0 0 0 0 0 0 0]\n",
      " [0 0 0 0 0 0 0 0 0]\n",
      " [0 0 0 0 0 0 0 0 0]\n",
      " [0 0 0 0 0 0 0 0 0]\n",
      " [0 0 0 0 0 0 0 0 0]\n",
      " [0 0 0 0 0 0 0 0 0]\n",
      " [0 0 0 0 0 0 0 0 0]]\n",
      "[[2.45091812e-04 4.80001151e-04 7.58704314e-04 1.53802560e-03\n",
      "  1.82735818e-03 2.82083201e-03 5.87264509e-03 1.33371660e-02\n",
      "  2.82956753e-02]\n",
      " [3.61200917e-04 7.92069569e-04 1.34806992e-03 3.48737587e-03\n",
      "  4.71560746e-03 7.28656320e-03 1.37217020e-02 3.18803800e-02\n",
      "  1.07019115e-01]\n",
      " [6.43015097e-04 1.77258403e-03 3.23345450e-03 8.29737340e-03\n",
      "  1.27700121e-02 2.44059472e-02 5.01031097e-02 1.77786849e-01\n",
      "  3.61127333e-01]\n",
      " [9.42729614e-04 2.62702428e-03 6.95267033e-03 2.13418018e-02\n",
      "  3.18210572e-02 7.29032896e-02 1.69154289e-01 3.66973555e-01\n",
      "  5.55978746e-01]\n",
      " [1.79723104e-03 9.52204160e-03 3.53648487e-02 1.10618937e-01\n",
      "  1.51822179e-01 2.46150573e-01 3.89223053e-01 5.88038494e-01\n",
      "  7.33637761e-01]\n",
      " [1.44277274e-02 6.14846752e-02 1.41034890e-01 2.78507224e-01\n",
      "  3.35322900e-01 4.44721401e-01 5.81036424e-01 7.38608773e-01\n",
      "  8.39049551e-01]\n",
      " [1.95615332e-02 7.57366734e-02 1.63879496e-01 3.07766542e-01\n",
      "  3.65392799e-01 4.74247934e-01 6.06862695e-01 7.56927791e-01\n",
      "  8.51105227e-01]\n",
      " [2.32709382e-02 8.63004473e-02 1.79727055e-01 3.27111817e-01\n",
      "  3.85018293e-01 4.93137270e-01 6.23064546e-01 7.68211142e-01\n",
      "  8.58456023e-01]\n",
      " [3.00682766e-02 1.00422280e-01 2.01537855e-01 3.54141977e-01\n",
      "  4.12514148e-01 5.19680357e-01 6.45867265e-01 7.84098753e-01\n",
      "  8.68805229e-01]\n",
      " [4.28189527e-02 1.29607665e-01 2.38964056e-01 3.93862909e-01\n",
      "  4.51239669e-01 5.54725293e-01 6.74188465e-01 8.02779462e-01\n",
      "  8.80625332e-01]]\n"
     ]
    }
   ],
   "source": [
    "#PSF metrics\n",
    "unsorted_mets_2000 = maos_utils.get_psf_metrics_over_field(seed=seed)\n",
    "mets_2000 = [arr[np.argsort(arr[:, 0])] for arr in unsorted_mets_2000]\n",
    "x_2000, y_2000, w_2000, strehl_2000, fwhm_g_2000, fwhm_e_2000, r_ee50_2000, r_ee80_2000 = mets_2000\n",
    "print(x_2000)\n",
    "print(y_2000)\n",
    "print(strehl_2000)"
   ]
  },
  {
   "cell_type": "code",
   "execution_count": 38,
   "id": "a0ff599f-71ce-404f-a72f-f4011f4e6e4a",
   "metadata": {},
   "outputs": [],
   "source": [
    "#WFE\n",
    "wfe_2000 = act_study.get_wfe_metrics(seed=seed)\n",
    "open_mean_nm_2000, clos_mean_nm_2000, open_xx_mean_nm_2000, clos_xx_mean_nm_2000 = wfe_2000"
   ]
  },
  {
   "cell_type": "code",
   "execution_count": 8,
   "id": "6e3aa284-56e2-40fc-bde6-53a6e4bb045d",
   "metadata": {},
   "outputs": [],
   "source": [
    "os.chdir(\"..\") # Back to act_study parent directory"
   ]
  },
  {
   "cell_type": "markdown",
   "id": "5557d32a-bc43-4484-8be1-48fe360996c5",
   "metadata": {},
   "source": [
    "### 3000 actuators "
   ]
  },
  {
   "cell_type": "code",
   "execution_count": 9,
   "id": "803c83e5-6a14-4431-944f-e145ebf6c304",
   "metadata": {},
   "outputs": [],
   "source": [
    "os.chdir(\"3000actuators\")"
   ]
  },
  {
   "cell_type": "code",
   "execution_count": 23,
   "id": "4af1f4d1-3584-4dd7-b15c-6a745fa723d1",
   "metadata": {},
   "outputs": [
    {
     "name": "stdout",
     "output_type": "stream",
     "text": [
      "[[ 0  0  0  0  0  0  0  0  0]\n",
      " [10 10 10 10 10 10 10 10 10]\n",
      " [15 15 15 15 15 15 15 15 15]\n",
      " [20 20 20 20 20 20 20 20 20]\n",
      " [25 25 25 25 25 25 25 25 25]\n",
      " [30 30 30 30 30 30 30 30 30]\n",
      " [35 35 35 35 35 35 35 35 35]\n",
      " [45 45 45 45 45 45 45 45 45]\n",
      " [ 5  5  5  5  5  5  5  5  5]\n",
      " [60 60 60 60 60 60 60 60 60]]\n",
      "[[4.06772167e-02 1.15364112e-01 2.12570712e-01 3.65314714e-01\n",
      "  4.23277737e-01 5.29251601e-01 6.53479276e-01 7.89050074e-01\n",
      "  8.71915443e-01]\n",
      " [1.81330146e-02 6.64981441e-02 1.37513269e-01 2.74767844e-01\n",
      "  3.31696983e-01 4.41478540e-01 5.78451345e-01 7.36924842e-01\n",
      "  8.37990353e-01]\n",
      " [2.71185255e-02 8.52212698e-02 1.63216264e-01 3.08945352e-01\n",
      "  3.67214437e-01 4.76962064e-01 6.10005431e-01 7.59640704e-01\n",
      "  8.53056940e-01]\n",
      " [1.18506814e-02 4.72680237e-02 1.11420597e-01 2.38793561e-01\n",
      "  2.94075073e-01 4.03642317e-01 5.44707540e-01 7.12639388e-01\n",
      "  8.21903337e-01]\n",
      " [1.76222514e-03 7.33218214e-03 2.78019339e-02 9.31771818e-02\n",
      "  1.30841338e-01 2.20059881e-01 3.60904669e-01 5.64018821e-01\n",
      "  7.16436524e-01]\n",
      " [8.99744072e-04 2.52910307e-03 6.21863403e-03 1.90719791e-02\n",
      "  2.72014740e-02 6.47703361e-02 1.56448394e-01 3.51443741e-01\n",
      "  5.42122533e-01]\n",
      " [5.98201082e-04 1.64494059e-03 2.74361590e-03 6.82345755e-03\n",
      "  1.06894209e-02 2.22575694e-02 4.50245609e-02 1.70222818e-01\n",
      "  3.52868560e-01]\n",
      " [3.87992056e-04 7.65760835e-04 1.49910907e-03 2.98039512e-03\n",
      "  3.88899251e-03 6.42981536e-03 1.36093836e-02 3.25144439e-02\n",
      "  1.04115859e-01]\n",
      " [2.16592059e-02 7.63536775e-02 1.57309039e-01 3.00071309e-01\n",
      "  3.57724673e-01 4.67099727e-01 6.00943019e-01 7.52947527e-01\n",
      "  8.48563430e-01]\n",
      " [2.39392249e-04 4.53153716e-04 7.26142932e-04 1.52212330e-03\n",
      "  1.84615115e-03 2.74916734e-03 5.37840996e-03 1.30131443e-02\n",
      "  2.87720674e-02]]\n",
      "[[0 1 2 3 4 5 6 7 8]\n",
      " [0 1 2 3 4 5 6 7 8]\n",
      " [0 1 2 3 4 5 6 7 8]\n",
      " [0 1 2 3 4 5 6 7 8]\n",
      " [0 1 2 3 4 5 6 7 8]\n",
      " [0 1 2 3 4 5 6 7 8]\n",
      " [0 1 2 3 4 5 6 7 8]\n",
      " [0 1 2 3 4 5 6 7 8]\n",
      " [0 1 2 3 4 5 6 7 8]\n",
      " [0 1 2 3 4 5 6 7 8]]\n",
      "[[4.06772167e-02 1.15364112e-01 2.12570712e-01 3.65314714e-01\n",
      "  4.23277737e-01 5.29251601e-01 6.53479276e-01 7.89050074e-01\n",
      "  8.71915443e-01]\n",
      " [1.81330146e-02 6.64981441e-02 1.37513269e-01 2.74767844e-01\n",
      "  3.31696983e-01 4.41478540e-01 5.78451345e-01 7.36924842e-01\n",
      "  8.37990353e-01]\n",
      " [2.71185255e-02 8.52212698e-02 1.63216264e-01 3.08945352e-01\n",
      "  3.67214437e-01 4.76962064e-01 6.10005431e-01 7.59640704e-01\n",
      "  8.53056940e-01]\n",
      " [1.18506814e-02 4.72680237e-02 1.11420597e-01 2.38793561e-01\n",
      "  2.94075073e-01 4.03642317e-01 5.44707540e-01 7.12639388e-01\n",
      "  8.21903337e-01]\n",
      " [1.76222514e-03 7.33218214e-03 2.78019339e-02 9.31771818e-02\n",
      "  1.30841338e-01 2.20059881e-01 3.60904669e-01 5.64018821e-01\n",
      "  7.16436524e-01]\n",
      " [8.99744072e-04 2.52910307e-03 6.21863403e-03 1.90719791e-02\n",
      "  2.72014740e-02 6.47703361e-02 1.56448394e-01 3.51443741e-01\n",
      "  5.42122533e-01]\n",
      " [5.98201082e-04 1.64494059e-03 2.74361590e-03 6.82345755e-03\n",
      "  1.06894209e-02 2.22575694e-02 4.50245609e-02 1.70222818e-01\n",
      "  3.52868560e-01]\n",
      " [3.87992056e-04 7.65760835e-04 1.49910907e-03 2.98039512e-03\n",
      "  3.88899251e-03 6.42981536e-03 1.36093836e-02 3.25144439e-02\n",
      "  1.04115859e-01]\n",
      " [2.16592059e-02 7.63536775e-02 1.57309039e-01 3.00071309e-01\n",
      "  3.57724673e-01 4.67099727e-01 6.00943019e-01 7.52947527e-01\n",
      "  8.48563430e-01]\n",
      " [2.39392249e-04 4.53153716e-04 7.26142932e-04 1.52212330e-03\n",
      "  1.84615115e-03 2.74916734e-03 5.37840996e-03 1.30131443e-02\n",
      "  2.87720674e-02]]\n"
     ]
    }
   ],
   "source": [
    "#PSF metrics\n",
    "#mets_3000 = maos_utils.get_psf_metrics_over_field(seed=seed)\n",
    "\n"
   ]
  },
  {
   "cell_type": "code",
   "execution_count": 42,
   "id": "2738cb1f-79f8-4aa8-9744-a380e8dd9f88",
   "metadata": {},
   "outputs": [],
   "source": [
    "#WFE\n",
    "wfe_3000 = act_study.get_wfe_metrics(seed=seed)\n",
    "open_mean_nm_3000, clos_mean_nm_3000, open_xx_mean_nm_3000, clos_xx_mean_nm_3000 = wfe_3000"
   ]
  },
  {
   "cell_type": "code",
   "execution_count": 24,
   "id": "f8ed3523-c28e-4bac-8dd9-a4dce0e2808a",
   "metadata": {},
   "outputs": [],
   "source": [
    "os.chdir(\"..\")"
   ]
  },
  {
   "cell_type": "markdown",
   "id": "f913e0ea-f1f4-4009-a176-7670f5366dfc",
   "metadata": {},
   "source": [
    "### 4000 actuators"
   ]
  },
  {
   "cell_type": "code",
   "execution_count": 25,
   "id": "ac6ceebb-c1a0-4b4a-8e0d-63889056400b",
   "metadata": {},
   "outputs": [],
   "source": [
    "os.chdir(\"4000actuators\")"
   ]
  },
  {
   "cell_type": "code",
   "execution_count": 26,
   "id": "139a217a-279b-4344-95d1-e79b835e42da",
   "metadata": {},
   "outputs": [],
   "source": [
    "#PSF metrics\n",
    "mets_4000 = maos_utils.get_psf_metrics_over_field(seed=seed)\n",
    "x_4000, y_4000, w_4000, strehl_4000, fwhm_g_4000, fwhm_e_4000, r_ee50_4000, r_ee80_4000 = mets_4000"
   ]
  },
  {
   "cell_type": "code",
   "execution_count": 27,
   "id": "cd833a13-f5c3-44b2-bd03-8ac6e5b53600",
   "metadata": {},
   "outputs": [
    {
     "name": "stdout",
     "output_type": "stream",
     "text": [
      "[[ 0  0  0  0  0  0  0  0  0]\n",
      " [10 10 10 10 10 10 10 10 10]\n",
      " [15 15 15 15 15 15 15 15 15]\n",
      " [20 20 20 20 20 20 20 20 20]\n",
      " [25 25 25 25 25 25 25 25 25]\n",
      " [30 30 30 30 30 30 30 30 30]\n",
      " [35 35 35 35 35 35 35 35 35]\n",
      " [45 45 45 45 45 45 45 45 45]\n",
      " [ 5  5  5  5  5  5  5  5  5]\n",
      " [60 60 60 60 60 60 60 60 60]]\n",
      "[[4.16084851e-02 1.18383918e-01 2.11194819e-01 3.63805855e-01\n",
      "  4.21814952e-01 5.27953386e-01 6.52461530e-01 7.88403296e-01\n",
      "  8.71515790e-01]\n",
      " [1.80308497e-02 6.76832019e-02 1.35451048e-01 2.72144377e-01\n",
      "  3.29074310e-01 4.39025052e-01 5.76420485e-01 7.35567699e-01\n",
      "  8.37129277e-01]\n",
      " [2.84071118e-02 8.98132782e-02 1.64335032e-01 3.10179178e-01\n",
      "  3.68440743e-01 4.78112549e-01 6.10974227e-01 7.60307280e-01\n",
      "  8.53489085e-01]\n",
      " [1.36000674e-02 5.36045101e-02 1.18482904e-01 2.47355758e-01\n",
      "  3.02748570e-01 4.11980760e-01 5.51864826e-01 7.17637833e-01\n",
      "  8.25167876e-01]\n",
      " [1.62215884e-03 8.53186657e-03 3.06777739e-02 9.91026621e-02\n",
      "  1.37815181e-01 2.28471145e-01 3.69922782e-01 5.71942692e-01\n",
      "  7.22424812e-01]\n",
      " [9.83628228e-04 2.57238706e-03 5.82447603e-03 1.89604411e-02\n",
      "  3.01771652e-02 6.94845442e-02 1.63250856e-01 3.59132012e-01\n",
      "  5.49095351e-01]\n",
      " [6.60676985e-04 1.50282069e-03 2.99665288e-03 6.55367005e-03\n",
      "  1.04184085e-02 2.21164194e-02 4.93847925e-02 1.77377929e-01\n",
      "  3.59953322e-01]\n",
      " [3.81062307e-04 8.26742372e-04 1.44717231e-03 2.97494320e-03\n",
      "  3.69725397e-03 5.82936892e-03 1.18471490e-02 3.28995483e-02\n",
      "  1.09342226e-01]\n",
      " [2.19562257e-02 7.78743983e-02 1.55730290e-01 2.97939914e-01\n",
      "  3.55516729e-01 4.64915582e-01 5.99028879e-01 7.51593029e-01\n",
      "  8.47674584e-01]\n",
      " [2.32706386e-04 4.61913236e-04 7.26536351e-04 1.39713491e-03\n",
      "  1.77714950e-03 2.94148099e-03 5.63561727e-03 1.31190411e-02\n",
      "  2.66026198e-02]]\n"
     ]
    }
   ],
   "source": [
    "print(x_4000)\n",
    "print(strehl_4000)"
   ]
  },
  {
   "cell_type": "code",
   "execution_count": 46,
   "id": "95b38168-719f-47b6-8766-311c5dcaf83f",
   "metadata": {},
   "outputs": [
    {
     "name": "stdout",
     "output_type": "stream",
     "text": [
      "[[ 0  0  0  0  0  0  0  0  0]\n",
      " [ 5  5  5  5  5  5  5  5  5]\n",
      " [10 10 10 10 10 10 10 10 10]\n",
      " [15 15 15 15 15 15 15 15 15]\n",
      " [20 20 20 20 20 20 20 20 20]\n",
      " [25 25 25 25 25 25 25 25 25]\n",
      " [30 30 30 30 30 30 30 30 30]\n",
      " [35 35 35 35 35 35 35 35 35]\n",
      " [45 45 45 45 45 45 45 45 45]\n",
      " [60 60 60 60 60 60 60 60 60]]\n",
      "[[4.16084851e-02 8.71515790e-01 2.11194819e-01 3.63805855e-01\n",
      "  4.21814952e-01 5.27953386e-01 6.52461530e-01 7.88403296e-01\n",
      "  1.18383918e-01]\n",
      " [2.19562257e-02 8.47674584e-01 1.55730290e-01 2.97939914e-01\n",
      "  3.55516729e-01 4.64915582e-01 5.99028879e-01 7.51593029e-01\n",
      "  7.78743983e-02]\n",
      " [1.80308497e-02 8.37129277e-01 1.35451048e-01 2.72144377e-01\n",
      "  3.29074310e-01 4.39025052e-01 5.76420485e-01 7.35567699e-01\n",
      "  6.76832019e-02]\n",
      " [2.84071118e-02 8.53489085e-01 1.64335032e-01 3.10179178e-01\n",
      "  3.68440743e-01 4.78112549e-01 6.10974227e-01 7.60307280e-01\n",
      "  8.98132782e-02]\n",
      " [1.36000674e-02 8.25167876e-01 1.18482904e-01 2.47355758e-01\n",
      "  3.02748570e-01 4.11980760e-01 5.51864826e-01 7.17637833e-01\n",
      "  5.36045101e-02]\n",
      " [1.62215884e-03 7.22424812e-01 3.06777739e-02 9.91026621e-02\n",
      "  1.37815181e-01 2.28471145e-01 3.69922782e-01 5.71942692e-01\n",
      "  8.53186657e-03]\n",
      " [9.83628228e-04 5.49095351e-01 5.82447603e-03 1.89604411e-02\n",
      "  3.01771652e-02 6.94845442e-02 1.63250856e-01 3.59132012e-01\n",
      "  2.57238706e-03]\n",
      " [6.60676985e-04 3.59953322e-01 2.99665288e-03 6.55367005e-03\n",
      "  1.04184085e-02 2.21164194e-02 4.93847925e-02 1.77377929e-01\n",
      "  1.50282069e-03]\n",
      " [3.81062307e-04 1.09342226e-01 1.44717231e-03 2.97494320e-03\n",
      "  3.69725397e-03 5.82936892e-03 1.18471490e-02 3.28995483e-02\n",
      "  8.26742372e-04]\n",
      " [2.32706386e-04 2.66026198e-02 7.26536351e-04 1.39713491e-03\n",
      "  1.77714950e-03 2.94148099e-03 5.63561727e-03 1.31190411e-02\n",
      "  4.61913236e-04]]\n"
     ]
    }
   ],
   "source": [
    "x_4000_reordered = np.concatenate((x_4000[:1], x_4000[8:9], x_4000[1:8], x_4000[9:]), axis=0)\n",
    "strehl_4000_reordered = np.concatenate((strehl_4000[:1], strehl_4000[8:9], strehl_4000[1:8], strehl_4000[9:]), axis=0)\n",
    "\n",
    "# Print the reordered arrays\n",
    "print(x_4000_reordered)\n",
    "print(strehl_4000_reordered)"
   ]
  },
  {
   "cell_type": "code",
   "execution_count": 46,
   "id": "fd0ea39e-68c0-4f77-9121-846af39ea2e0",
   "metadata": {},
   "outputs": [],
   "source": [
    "wfe = [\"Total WFE\", \"Tip-Tilt\", \"High-Order\"]\n",
    "colors = [\"r\", \"g\", \"b\"] # Colors match those presented in MAOS\n",
    "\n",
    "results_xx_file = f'extra/Resp_{seed}.bin'\n",
    "results_xx = readbin.readbin(results_xx_file)\n",
    "\n",
    "open_mean_nm, clos_mean_nm, open_xx_mean_nm, clos_xx_mean_nm = act_study.get_wfe_metrics(seed=1)\n",
    "\n",
    "n_psf = clos_xx_mean_nm.shape[0]"
   ]
  },
  {
   "cell_type": "markdown",
   "id": "935971bc-e7db-465d-b833-d1567b669317",
   "metadata": {},
   "source": [
    "#### 10x WFE vs. Time (Individual Plots)"
   ]
  },
  {
   "cell_type": "code",
   "execution_count": 47,
   "id": "012bdd06-c056-4280-baf9-d76de8565714",
   "metadata": {},
   "outputs": [],
   "source": [
    "# 10x WFE vs. Time (for each psf location) for 4000 actuators\n",
    "\n",
    "# Loop through each PSF location\n",
    "for i in range(n_psf):\n",
    "    clos_psf_results = results_xx[3][i]\n",
    "    plt.figure(figsize=(8,8))\n",
    "    \n",
    "    # Plot WFE vs. Time Step for each type of WFE (total, tip-tilt, high-order)\n",
    "    for j in range(clos_psf_results.shape[1]):\n",
    "        plt.plot(np.sqrt(clos_psf_results[:,j])*1.0e9, color=colors[j], label=wfe[j], linewidth=0.5)\n",
    "        \n",
    "    plt.xlabel('Time Step (n)')\n",
    "    plt.ylabel('Wavefront Error (nm)')\n",
    "    plt.legend(loc='upper right')\n",
    "    plt.title(f'Radius {psf_x[i]}\": WFE vs. Time Step ')\n",
    "\n",
    "    # Save the subplot in new output folder\n",
    "    plt.savefig(f'../actuator_study_plots/actuator_4000_wfe_subplot_{i}.png', bbox_inches='tight', transparent=True)\n",
    "    plt.close() # Prevents plotting figures on top of each other"
   ]
  },
  {
   "cell_type": "markdown",
   "id": "8b7f6f26-fede-441f-a25f-b7bd3e44ca5b",
   "metadata": {},
   "source": [
    "#### 10x WFE vs. Time (1 Subplot)"
   ]
  },
  {
   "cell_type": "code",
   "execution_count": 48,
   "id": "cd1597d5-d793-4e92-9ea2-033d551b678a",
   "metadata": {},
   "outputs": [
    {
     "data": {
